-2.0,0.0
-1.985985985985986,0.0
-1.971971971971972,0.0
-1.957957957957958,0.0
-1.9439439439439439,0.0
-1.92992992992993,0.0
-1.915915915915916,0.0
-1.901901901901902,0.0
-1.887887887887888,7e-323
-1.8738738738738738,3.346895e-318
-1.85985985985986,1.46851634754e-313
-1.8458458458458458,5.956593720368757e-309
-1.8318318318318318,2.2335736944573453e-304
-1.8178178178178177,7.742580081020736e-300
-1.8038038038038038,2.4811569584148996e-295
-1.7897897897897899,7.350313867604872e-291
-1.7757757757757757,2.0129854837645638e-286
-1.7617617617617618,5.0963414158945915e-282
-1.7477477477477477,1.1927776678527907e-277
-1.7337337337337337,2.5807360999179584e-273
-1.7197197197197198,5.1619145072815384e-269
-1.7057057057057057,9.544674687767407e-265
-1.6916916916916918,1.6315281346572703e-260
-1.6776776776776776,2.57816742446008e-256
-1.6636636636636637,3.7662641738252964e-252
-1.6496496496496498,5.086201415693462e-248
-1.6356356356356356,6.349791171926068e-244
-1.6216216216216215,7.328387815493851e-240
-1.6076076076076076,7.818808171582131e-236
-1.5935935935935936,7.711800487110655e-232
-1.5795795795795795,7.031599482328462e-228
-1.5655655655655656,5.927008889318835e-224
-1.5515515515515514,4.618491457275836e-220
-1.5375375375375375,3.3269618714408423e-216
-1.5235235235235236,2.2155350023215174e-212
-1.5095095095095095,1.3639313777596498e-208
-1.4954954954954955,7.762284182540479e-205
-1.4814814814814814,4.083848940526293e-201
-1.4674674674674675,1.9862454402031265e-197
-1.4534534534534536,8.93057187283727e-194
-1.4394394394394394,3.712006600246425e-190
-1.4254254254254253,1.4263342880956189e-186
-1.4114114114114114,5.066604659087146e-183
-1.3973973973973974,1.663779721759221e-179
-1.3833833833833835,5.050771816099289e-176
-1.3693693693693694,1.417433794298793e-172
-1.3553553553553552,3.677315823056546e-169
-1.3413413413413413,8.819463982266411e-166
-1.3273273273273274,1.9554042933619248e-162
-1.3133133133133135,4.007873918210508e-159
-1.2992992992992993,7.594070946946664e-156
-1.2852852852852852,1.3302043463035068e-152
-1.2712712712712713,2.1539974647807805e-149
-1.2572572572572573,3.2244461327652073e-146
-1.2432432432432432,4.462191219379725e-143
-1.2292292292292293,5.708530705997597e-140
-1.2152152152152151,6.751241112777737e-137
-1.2012012012012012,7.381183609582887e-134
-1.1871871871871873,7.460217884701651e-131
-1.1731731731731732,6.970438949335084e-128
-1.159159159159159,6.020767501328302e-125
-1.145145145145145,4.807581980521852e-122
-1.1311311311311312,3.54882556967476e-119
-1.1171171171171173,2.421729998396743e-116
-1.103103103103103,1.5277415922945833e-113
-1.089089089089089,8.909579268725316e-111
-1.075075075075075,4.8033872711818176e-108
-1.0610610610610611,2.3939833334392026e-105
-1.0470470470470472,1.1030056962311302e-102
-1.033033033033033,4.698048554398805e-100
-1.019019019019019,1.8498663801490292e-97
-1.005005005005005,6.733584757374744e-95
-0.9909909909909911,2.265872223507131e-92
-0.9769769769769769,7.048677052811664e-90
-0.962962962962963,2.027042822523572e-87
-0.9489489489489489,5.388915167084967e-85
-0.934934934934935,1.3244113175992715e-82
-0.920920920920921,3.0090370322538836e-80
-0.9069069069069069,6.319974048171017e-78
-0.892892892892893,1.2271175580280258e-75
-0.8788788788788788,2.2026229419373163e-73
-0.8648648648648649,3.654914817223853e-71
-0.8508508508508508,5.606572903179782e-69
-0.8368368368368369,7.950616411585737e-67
-0.8228228228228229,1.0422868076723234e-64
-0.8088088088088088,1.2631554316791327e-62
-0.7947947947947949,1.4151727582232203e-60
-0.7807807807807807,1.4657005096178e-58
-0.7667667667667668,1.403343963193722e-56
-0.7527527527527527,1.242127381913039e-54
-0.7387387387387387,1.0163686330180697e-52
-0.7247247247247248,7.688108154629643e-51
-0.7107107107107107,5.376143198361251e-49
-0.6966966966966968,3.47540390483314e-47
-0.6826826826826826,2.0769347580185485e-45
-0.6686686686686687,1.1474229630857564e-43
-0.6546546546546548,5.86013110958663e-42
-0.6406406406406406,2.766777538077298e-40
-0.6266266266266267,1.2076032210573237e-38
-0.6126126126126126,4.8725622616022376e-37
-0.5985985985985987,1.8174967573304005e-35
-0.5845845845845845,6.267192076022912e-34
-0.5705705705705706,1.9978159609533928e-32
-0.5565565565565567,5.887366398029726e-31
-0.5425425425425425,1.6038722158712996e-29
-0.5285285285285286,4.039257837806788e-28
-0.5145145145145145,9.404084040366196e-27
-0.5005005005005005,2.024018789044067e-25
-0.4864864864864864,4.0271303855968604e-24
-0.4724724724724725,7.407300355020788e-23
-0.45845845845845856,1.259526565933424e-21
-0.4444444444444444,1.9798752292240957e-20
-0.4304304304304305,2.8770766018332103e-19
-0.41641641641641636,3.8649879214555066e-18
-0.40240240240240244,4.7998533651934694e-17
-0.3883883883883883,5.510498795785071e-16
-0.3743743743743744,5.8483986293256505e-15
-0.36036036036036045,5.738073864003818e-14
-0.3463463463463463,5.204492837722266e-13
-0.3323323323323324,4.36389014145633e-12
-0.31831831831831825,3.3826130155832546e-11
-0.30430430430430433,2.423895739101263e-10
-0.2902902902902904,1.6056787796552453e-09
-0.27627627627627627,9.833010737885285e-09
-0.26226226226226235,5.566695577400327e-08
-0.2482482482482482,2.9133424935555485e-07
-0.23423423423423428,1.4095118385793595e-06
-0.22022022022022014,6.3041861033236985e-06
-0.20620620620620622,2.6065882647978315e-05
-0.1921921921921923,9.963202538074027e-05
-0.17817817817817816,0.00035205344246143377
-0.16416416416416424,0.0011500092791004674
-0.1501501501501501,0.003472779480910032
-0.13613613613613618,0.00969474034818535
-0.12212212212212203,0.025019479478855404
-0.10810810810810811,0.05969026008439034
-0.0940940940940942,0.13164724811859907
-0.08008008008008005,0.26841279369578985
-0.06606606606606613,0.5059152285537202
-0.05205205205205199,0.8815265667471963
-0.03803803803803807,1.4199601981516645
-0.02402402402402415,2.114462805306912
-0.010010010010010006,2.910764314434279
0.004004004004003914,3.7042231940224335
0.018018018018017834,4.357830807977875
0.0320320320320322,4.739436373461567
0.04604604604604612,4.765035606443609
0.06006006006006004,4.428827413932896
0.07407407407407396,3.8053507578493737
0.08808808808808788,3.0226294917506573
0.10210210210210224,2.2195480136326133
0.11611611611611616,1.5068190884348702
0.13013013013013008,0.9460684013171959
0.144144144144144,0.5503537982336817
0.15815815815815792,0.29952294786572325
0.1721721721721723,0.1601427415268227
0.1861861861861862,0.10208386455420078
0.20020020020020013,0.1085780058869636
0.21421421421421405,0.18004806917377084
0.2282282282282284,0.3328211120535526
0.24224224224224233,0.5928871100615339
0.25625625625625625,0.9842397389032028
0.2702702702702702,1.5127451754080168
0.2842842842842841,2.1499848699697894
0.29829829829829846,2.8249500978807602
0.3123123123123124,3.4314168717242644
0.3263263263263263,3.8531869498761724
0.3403403403403402,3.999907406012335
0.35435435435435414,3.838512288257183
0.3683683683683685,3.4053287936471355
0.3823823823823824,2.7927899938146545
0.39639639639639634,2.1173888517360018
0.41041041041041026,1.4840416083017558
0.4244244244244242,0.9615561409267975
0.43843843843843855,0.5759520482488664
0.45245245245245247,0.31891953436232384
0.4664664664664664,0.1632521947220769
0.4804804804804803,0.07725383518063007
0.4944944944944947,0.03379591287367524
0.5085085085085086,0.013667573809700122
0.5225225225225225,0.005109775115763332
0.5365365365365364,0.0017660185455094938
0.5505505505505504,0.000564250390910214
0.5645645645645647,0.0001666603076886449
0.5785785785785786,4.5508320922489374e-05
0.5925925925925926,1.1498073980827802e-05
0.6066066066066065,2.7481998528491112e-06
0.6206206206206204,9.555752187082374e-07
0.6346346346346348,2.0584937897327628e-06
0.6486486486486487,9.271906572830857e-06
0.6626626626626626,4.071484332074245e-05
0.6766766766766765,0.00016563064606969985
0.6906906906906904,0.000622941765545754
0.7047047047047048,0.002165901484423376
0.7187187187187187,0.006961664905250731
0.7327327327327327,0.020685720203333365
0.7467467467467466,0.056821316302727215
0.7607607607607609,0.14428960593066875
0.7747747747747749,0.33872083974931627
0.7887887887887888,0.7350754194231207
0.8028028028028027,1.4747044690536215
0.8168168168168166,2.7350244009373665
0.830830830830831,4.6892191209536565
0.8448448448448449,7.432295391739665
0.8588588588588588,10.890015801141088
0.8728728728728727,14.750854210391356
0.8868868868868867,18.47093774034112
0.900900900900901,21.38177874145751
0.914914914914915,22.881359829765454
0.9289289289289289,22.636169822367076
0.9429429429429428,20.701755216671767
0.9569569569569571,17.502275174064902
0.9709709709709711,13.67933417489948
0.984984984984985,9.88367653264356
0.9989989989989989,6.6016911255875455
1.0130130130130128,4.076383091149762
1.0270270270270272,2.3269009388465776
1.0410410410410411,1.2279025780564314
1.055055055055055,0.5990085769661853
1.069069069069069,0.2701377568947662
1.0830830830830829,0.11262135053213339
1.0970970970970972,0.04340506478395925
1.1111111111111112,0.015465320164188239
1.125125125125125,0.005096597966929585
1.139139139139139,0.0015636797208153422
1.153153153153153,0.0004867646366464166
1.1671671671671673,0.0002964048474352059
1.1811811811811812,0.0006426689760045033
1.1951951951951951,0.0019208976173819814
1.209209209209209,0.005509616350048912
1.2232232232232234,0.014648994475608579
1.2372372372372373,0.03601324860203504
1.2512512512512513,0.08184760293882898
1.2652652652652652,0.17196227311901965
1.279279279279279,0.333997744292897
1.2932932932932935,0.5997040825726987
1.3073073073073074,0.995436566463832
1.3213213213213213,1.527472105075006
1.3353353353353352,2.166786387408076
1.3493493493493491,2.841463110518041
1.3633633633633635,3.444697253383611
1.3773773773773774,3.8604969025066533
1.3913913913913913,3.999617600634952
1.4054054054054053,3.8306885744785864
1.4194194194194192,3.391707055218537
1.4334334334334335,2.776150052055803
1.4474474474474475,2.1006352579283276
1.4614614614614614,1.469404880302043
1.4754754754754753,0.9502008579650677
1.4894894894894897,0.5680315672852242
1.5035035035035036,0.31391541152518054
1.5175175175175175,0.1603747221192895
1.5315315315315314,0.0757429662580255
1.5455455455455454,0.033069818712371336
1.5595595595595597,0.013347638384662634
1.5735735735735736,0.004980353426963703
1.5875875875875876,0.001717904460086104
1.6016016016016015,0.000547798658237341
1.6156156156156154,0.00016148271184509202
1.6296296296296298,4.4006235337492005e-05
1.6436436436436437,1.1086271567556817e-05
1.6576576576576576,2.581902996720218e-06
1.6716716716716715,5.558753851329761e-07
1.6856856856856854,1.1063641076595481e-07
1.6996996996996998,2.0356439825419563e-08
1.7137137137137137,3.4624912645662143e-09
1.7277277277277276,5.444508247298455e-10
1.7417417417417416,7.914286112701667e-11
1.755755755755756,1.0635255948340144e-11
1.7697697697697699,1.3211960256417522e-12
1.7837837837837838,1.5172938029621438e-13
1.7977977977977977,1.6108504489166224e-14
1.8118118118118116,1.5809708913986066e-15
1.825825825825826,1.4344177086299795e-16
1.83983983983984,1.2031243470080167e-17
1.8538538538538538,9.328858499664633e-19
1.8678678678678677,6.686973605230047e-20
1.8818818818818817,4.431123201113412e-21
1.895895895895896,2.7144456742077036e-22
1.90990990990991,1.5372043203728542e-23
1.9239239239239239,8.047577198550397e-25
1.9379379379379378,3.8947700309129736e-26
1.9519519519519517,1.7425356373692048e-27
1.965965965965966,7.208056502222338e-29
1.97997997997998,3.0234107449671376e-30
1.993993993993994,7.533775085762101e-30
2.008008008008008,1.9095534209134905e-28
2.022022022022022,4.532849012123328e-27
2.0360360360360357,9.947204053440302e-26
2.05005005005005,2.017966364193599e-24
2.0640640640640644,3.784512396195811e-23
2.078078078078078,6.561287291360785e-22
2.0920920920920922,1.0516017231817155e-20
2.1061061061061057,1.558104697828606e-19
2.12012012012012,2.134150771958163e-18
2.1341341341341344,2.7023193545553564e-17
2.148148148148148,3.163234280827417e-16
2.1621621621621623,3.423017806481709e-15
2.1761761761761758,3.424286321825102e-14
2.19019019019019,3.1667523154747866e-13
2.2042042042042045,2.7073302475371356e-12
2.218218218218218,2.1396931042664872e-11
2.2322322322322323,1.5633090845787673e-10
2.246246246246246,1.0558964485980947e-09
2.26026026026026,6.592967269014287e-09
2.2742742742742745,3.805604247608428e-08
2.288288288288288,2.0307171640291773e-07
2.3023023023023024,1.0017477345888942e-06
2.316316316316316,4.5682557687731255e-06
2.33033033033033,1.925863785454754e-05
2.3443443443443446,7.50557268201421e-05
2.358358358358358,0.00027041153667529597
2.3723723723723724,0.0009006368458087005
2.386386386386387,0.002773047555911078
2.4004004004004003,0.00789310786191803
2.4144144144144146,0.02076930053600111
2.428428428428428,0.05052180017075091
2.4424424424424425,0.1136106058376504
2.456456456456457,0.2361794178132456
2.4704704704704703,0.4538876151270036
2.4844844844844847,0.8063762544986414
2.498498498498498,1.324372765773062
2.5125125125125125,2.010786057408586
2.526526526526527,2.8223092684676283
2.5405405405405403,3.6620683995305625
2.5545545545545547,4.392698688564132
2.568568568568568,4.8710152593831415
2.5825825825825826,4.993334713760323
2.596596596596597,4.732002662223599
2.6106106106106104,4.145552264592542
2.6246246246246248,3.357398734093213
2.6386386386386382,2.513660165335507
2.6526526526526526,1.7397759228123932
2.666666666666667,1.1131743293944463
2.6806806806806804,0.658439932899916
2.694694694694695,0.36004124459040554
2.7087087087087083,0.18200003000212422
2.7227227227227226,0.0850498942231203
2.736736736736737,0.036741696804549535
2.7507507507507505,0.014673298522315404
2.764764764764765,0.005417256636587861
2.7787787787787783,0.0018489032267134053
2.7927927927927927,0.0005833538432491851
2.806806806806807,0.00017015043331669192
2.8208208208208205,4.5879340707965434e-05
2.834834834834835,1.1436269742727182e-05
2.8488488488488484,2.6353282964830385e-06
2.8628628628628627,5.613945252863452e-07
2.876876876876877,1.1055661520517123e-07
2.8908908908908906,2.0127248456172133e-08
2.904904904904905,3.3874055473888892e-09
2.9189189189189193,5.270272780085554e-10
2.932932932932933,7.580225174717855e-11
2.946946946946947,1.007892543838174e-11
2.9609609609609606,1.2388806534433108e-12
2.974974974974975,1.4077574116933242e-13
2.9889889889889893,1.4787994726944473e-14
3.003003003003003,1.4360642291313594e-15
3.017017017017017,1.2892037346751277e-16
3.0310310310310307,1.0699225928755789e-17
3.045045045045045,8.208546726025692e-19
3.0590590590590594,5.821880729874414e-20
3.073073073073073,3.817187089500773e-21
3.0870870870870872,2.313698161715623e-22
3.1011011011011007,1.2964419330680524e-23
3.115115115115115,6.715564905525169e-25
3.1291291291291294,3.2158452734055933e-26
3.143143143143143,1.423609416848744e-27
3.1571571571571573,5.825989158860552e-29
3.1711711711711708,2.2041015762947814e-30
3.185185185185185,7.708620242745809e-32
3.1991991991991995,2.492325781828979e-33
3.213213213213213,7.449310588591e-35
3.2272272272272273,2.05830849665518e-36
3.241241241241241,5.257605119304999e-38
3.255255255255255,1.2415052928583367e-39
3.2692692692692695,2.710143575537787e-41
3.283283283283283,5.4691411986630265e-43
3.2972972972972974,1.0203028165130055e-44
3.311311311311311,1.759633202722976e-46
3.325325325325325,2.8054228096346045e-48
3.3393393393393396,4.1348295588121564e-50
3.353353353353353,5.6337816875395775e-52
3.3673673673673674,7.096197820293418e-54
3.381381381381381,8.29395273066702e-56
3.3953953953953953,3.023305300495363e-56
3.4094094094094096,2.5659787825576895e-54
3.423423423423423,2.0743065209204194e-52
3.4374374374374375,1.5501631721418265e-50
3.451451451451452,1.0709396806813872e-48
3.4654654654654653,6.839678984080277e-47
3.4794794794794797,4.0382159541507316e-45
3.493493493493493,2.2040755382847155e-43
3.5075075075075075,1.1121068657421729e-41
3.521521521521522,5.187399337253587e-40
3.5355355355355353,2.2368453313159077e-38
3.5495495495495497,8.916724360371583e-37
3.563563563563563,3.285926469437019e-35
3.5775775775775776,1.1194210078909094e-33
3.591591591591592,3.5254306669864126e-32
3.6056056056056054,1.0263937907507362e-30
3.6196196196196198,2.762478884421757e-29
3.6336336336336332,6.873327395726707e-28
3.6476476476476476,1.5809502660265064e-26
3.661661661661662,3.3616500250142535e-25
3.6756756756756754,6.607997967647779e-24
3.68968968968969,1.2007992737142917e-22
3.7037037037037033,2.0172236227692892e-21
3.7177177177177176,3.132714282374757e-20
3.731731731731732,4.497494508942073e-19
3.7457457457457455,5.96902790825963e-18
3.75975975975976,7.323516933414523e-17
3.7737737737737733,8.306515573741017e-16
3.7877877877877877,8.709659768813767e-15
3.801801801801802,8.442413307915082e-14
3.8158158158158155,7.565108170158005e-13
3.82982982982983,6.266813749768416e-12
3.8438438438438434,4.7991192993763114e-11
3.8578578578578577,3.3974996242657405e-10
3.871871871871872,2.223516731095658e-09
3.8858858858858856,1.3452546409322707e-08
3.8998998998999,7.524050628636997e-08
3.9139139139139143,3.89029049796178e-07
3.9279279279279278,1.8594969424214515e-06
3.941941941941942,8.216597588114029e-06
3.9559559559559556,3.3563842911323555e-05
3.96996996996997,0.00012674605621023342
3.9839839839839843,0.00044246644687951937
3.997997997997998,0.001427937976074845
4.012012012012012,0.004260116323361386
4.026026026026026,0.011749426928483391
4.04004004004004,0.029956772723509526
4.054054054054054,0.07060841738472672
4.068068068068068,0.1538512549579965
4.082082082082082,0.3099050989515894
4.096096096096096,0.5770846380361647
4.11011011011011,0.9934211873217393
4.124124124124124,1.5809219736000837
4.138138138138138,2.325790361797944
4.152152152152152,3.163106466399428
4.166166166166166,3.9768587546979557
4.18018018018018,4.622209608033562
4.1941941941941945,4.966405982809382
4.208208208208208,4.933077220724032
4.222222222222222,4.529775955547551
4.236236236236236,3.845197431064733
4.25025025025025,3.0174749802067655
4.2642642642642645,2.1890305621731154
4.278278278278278,1.468057564637442
4.292292292292292,0.9101593991777315
4.306306306306306,0.5216448745031537
4.32032032032032,0.2763856837147548
4.334334334334335,0.13537524501344922
4.348348348348348,0.06129796836393747
4.362362362362362,0.025658780918545104
4.376376376376376,0.009929081364840386
4.39039039039039,0.0035519368306758535
4.404404404404405,0.0011746392549963631
4.418418418418418,0.0003591095048871917
4.4324324324324325,0.00010149213838092144
4.446446446446447,2.6516794240418437e-05
4.46046046046046,6.404610859359793e-06
4.474474474474475,1.4300380363876988e-06
4.488488488488488,2.951790588355367e-07
4.5025025025025025,5.632570175793655e-08
4.516516516516517,9.935981902976715e-09
4.53053053053053,1.6203098993129632e-09
4.544544544544545,2.44269077245978e-10
4.558558558558558,3.404254429707911e-11
4.5725725725725725,4.3858991744664e-12
4.586586586586587,5.223701946124698e-13
4.6006006006006,5.751501631611608e-14
4.614614614614615,5.8541954605373945e-15
4.628628628628628,5.508537405757027e-16
4.642642642642643,4.7916876455165316e-17
4.656656656656657,3.853220039229259e-18
4.67067067067067,2.864456513034418e-19
4.684684684684685,1.9685378493727016e-20
4.698698698698698,1.250628779642382e-21
4.712712712712713,7.345074083700931e-23
4.726726726726727,3.987925674507012e-24
4.7407407407407405,2.00161728826584e-25
4.754754754754755,9.287485405892798e-27
4.768768768768768,3.983807622053501e-28
4.782782782782783,1.579725705181928e-29
4.796796796796797,5.7909274602018695e-31
4.8108108108108105,1.9624458296584842e-32
4.824824824824825,6.1479502326378375e-34
4.838838838838838,1.780516989076126e-35
4.852852852852853,4.766998481088421e-37
4.866866866866867,1.1798506011199034e-38
4.880880880880881,2.6995547239953734e-40
4.894894894894895,5.7100559829344794e-42
4.908908908908908,1.1165333758058719e-43
4.922922922922923,2.0183020723064395e-45
4.936936936936937,3.3727467736911927e-47
4.950950950950951,5.210320250566274e-49
4.964964964964965,7.44094703474553e-51
4.978978978978979,9.823700700181632e-53
4.992992992992993,1.1989808555695087e-54
5.007007007007007,1.5472532413399574e-56
5.021021021021021,1.7841237736451245e-55
5.035035035035035,1.5105120309567926e-53
5.049049049049049,1.1831778368496755e-51
5.063063063063063,8.567596705989133e-50
5.077077077077077,5.735233675609827e-48
5.091091091091091,3.5491661650192885e-46
5.105105105105105,2.0304142876451165e-44
5.119119119119119,1.0738066815327612e-42
5.133133133133133,5.249895466637403e-41
5.147147147147147,2.3727846441322245e-39
5.161161161161161,9.914004303741635e-38
5.175175175175175,3.829331780572327e-36
5.1891891891891895,1.3673509667022414e-34
5.203203203203203,4.513569362753479e-33
5.217217217217217,1.3773469535595356e-31
5.231231231231231,3.8855249103691466e-30
5.245245245245245,1.0133025962355165e-28
5.2592592592592595,2.4429339561047138e-27
5.273273273273273,5.444617940096408e-26
5.287287287287287,1.121776160939411e-24
5.301301301301301,2.1366240677010507e-23
5.315315315315315,3.762124284870397e-22
5.32932932932933,6.123803889587767e-21
5.343343343343343,9.214940233295723e-20
5.357357357357357,1.2818785613213388e-18
5.371371371371371,1.6484825668128353e-17
5.385385385385385,1.9597692819380624e-16
5.3993993993994,2.1538162360839306e-15
5.413413413413413,2.1882425562292057e-14
5.4274274274274275,2.0552534508847953e-13
5.441441441441442,1.7845076962579267e-12
5.455455455455455,1.4323678928109274e-11
5.46946946946947,1.0628545662626688e-10
5.483483483483483,7.290817390938532e-10
5.4974974974974975,4.623402589751375e-09
5.511511511511512,2.7103808237942163e-08
5.525525525525525,1.4688655086263928e-07
5.53953953953954,7.3589671282333e-07
5.553553553553553,3.4082763885797546e-06
5.5675675675675675,1.4592706975094054e-05
5.581581581581582,5.7759048562905366e-05
5.595595595595595,0.00021134272973841086
5.60960960960961,0.0007148875066247228
5.623623623623623,0.002235482195889899
5.637637637637638,0.006462310731696673
5.651651651651652,0.017269810497828587
5.665665665665665,0.04266486971083962
5.67967967967968,0.09743980315065665
5.693693693693693,0.2057242618960843
5.707707707707708,0.4015298357901279
5.721721721721722,0.7244918028186009
5.7357357357357355,1.2084617851681554
5.74974974974975,1.863448716477343
5.763763763763763,2.6563835586804627
5.777777777777778,3.500771582436354
5.791791791791792,4.265479459071708
5.8058058058058055,4.806115073089997
5.81981981981982,5.010795209524691
5.833833833833833,4.842473223077935
5.847847847847848,4.359679196582128
5.861861861861862,3.707939170138207
5.875875875875876,3.088588073233798
5.88988988988989,2.7199262621160623
5.903903903903903,2.802165101696718
5.917917917917918,3.4865338371709034
5.931931931931932,4.841288418449878
5.945945945945946,6.8121139056310955
5.95995995995996,9.190102377793163
5.973973973973974,11.614314835596113
5.987987987987988,13.632316973530818
6.002002002002001,14.815952698268823
6.016016016016016,14.894114280701867
6.03003003003003,13.844153433677645
6.044044044044044,11.896796503813583
6.058058058058059,9.451194513543125
6.072072072072071,6.941125624126076
6.086086086086086,4.712565507399672
6.1001001001001,2.9577973492162846
6.114114114114114,1.716179396209248
6.128128128128129,0.9205345922866723
6.142142142142141,0.4564578417418981
6.156156156156156,0.20923982607370162
6.17017017017017,0.08866886374422955
6.1841841841841845,0.034736099463239904
6.198198198198199,0.012579809640278168
6.212212212212211,0.004211629917561556
6.226226226226226,0.0013034952345479063
6.24024024024024,0.00037295102617137177
6.2542542542542545,9.86454999204393e-05
6.268268268268269,2.4120475370089e-05
6.2822822822822815,5.452272586439025e-06
6.296296296296296,1.139337444563536e-06
6.31031031031031,2.200950596427e-07
6.324324324324325,3.930531948862068e-08
6.338338338338339,6.4889657242403525e-09
6.3523523523523515,9.903364013892738e-10
6.366366366366366,1.3972467813567208e-10
6.38038038038038,1.8224121667162882e-11
6.394394394394395,2.197370083436369e-12
6.408408408408409,2.4493052965523986e-13
6.422422422422422,2.5238628369071966e-14
6.436436436436436,2.4042060682170063e-15
6.45045045045045,2.1171944266991666e-16
6.464464464464465,1.7235858028460682e-17
6.478478478478479,1.2971439881675597e-18
6.492492492492492,9.024571272511182e-20
6.506506506506506,5.804276383171443e-21
6.52052052052052,3.4510615261729447e-22
6.534534534534535,1.8968825132091844e-23
6.548548548548549,9.638540504416554e-25
6.562562562562562,4.527570625163506e-26
6.576576576576576,1.966085061164086e-27
6.59059059059059,7.892643487059861e-29
6.604604604604605,2.929043231416727e-30
6.618618618618619,1.0048753440736534e-31
6.632632632632632,3.186997420641271e-33
6.646646646646646,9.344032634201397e-35
6.66066066066066,2.532620361122191e-36
6.674674674674675,6.345837613889849e-38
6.688688688688689,1.4699106212559965e-39
6.702702702702702,3.1475744726074335e-41
6.716716716716716,6.230805775984175e-43
6.7307307307307305,1.1402380414627223e-44
6.744744744744745,1.9289898899458023e-46
6.758758758758759,3.01680674033154e-48
6.772772772772774,4.361623167098259e-50
6.786786786786786,5.8295080336007085e-52
6.8008008008008005,7.202757316549381e-54
6.814814814814815,8.227137815752846e-56
6.828828828828829,8.687241113121283e-58
6.842842842842844,8.480043723257218e-60
6.856856856856856,7.652395726221099e-62
6.870870870870871,6.383808672978575e-64
6.884884884884885,4.923176630195593e-66
6.898898898898899,3.509894682220218e-68
6.912912912912914,2.313267551993927e-70
6.926926926926926,1.4094210707316658e-72
6.940940940940941,7.93850580399349e-75
6.954954954954955,4.1335185063364364e-77
6.968968968968969,1.9896840525131194e-79
6.982982982982984,8.853835825438433e-82
6.996996996996996,3.642184344782451e-84
7.011011011011011,1.3850820302918077e-86
7.025025025025025,4.8693633138000466e-89
7.039039039039039,1.5825300919132145e-91
7.053053053053054,4.7546098677122165e-94
7.067067067067066,1.3205684303756058e-96
7.081081081081081,3.3907053159353587e-99
7.095095095095095,8.048265534062487e-102
7.109109109109109,1.7660283003363547e-104
7.123123123123124,3.582416974623871e-107
7.137137137137136,6.717964774374282e-110
7.151151151151151,1.1646151181143887e-112
7.165165165165165,1.8664236875280895e-115
7.1791791791791795,2.765165723043715e-118
7.193193193193194,3.7871735270450043e-121
7.207207207207206,4.7950413630598904e-124
7.221221221221221,5.612451794177874e-127
7.235235235235235,6.072898223593361e-130
7.2492492492492495,6.0746672638536395e-133
7.263263263263264,5.61735795857849e-136
7.2772772772772765,4.8020294306551944e-139
7.291291291291291,3.794902726396211e-142
7.305305305305305,2.7724236313814465e-145
7.31931931931932,1.8724130042673695e-148
7.333333333333334,1.1690331281648738e-151
7.3473473473473465,6.7473789365800505e-155
7.361361361361361,3.600198914902772e-158
7.375375375375375,1.7758284329842311e-161
7.38938938938939,8.097643011613167e-165
7.403403403403404,3.4134957091916106e-168
7.417417417417417,1.3302191899144455e-171
7.431431431431431,4.792147413798595e-175
7.445445445445445,1.595953533136688e-178
7.45945945945946,4.913527927903836e-182
7.473473473473474,1.3984589675459071e-185
7.487487487487487,3.6795028228220544e-189
7.501501501501501,8.949765695824664e-193
7.515515515515515,2.0124138789880536e-196
7.52952952952953,4.1831752086432124e-200
7.543543543543544,8.038553733120214e-204
7.557557557557557,1.4280154171285225e-207
7.571571571571571,2.3451519441470337e-211
7.585585585585585,3.560345867039475e-215
7.5995995995996,4.9968522158832294e-219
7.613613613613614,6.4831181161419254e-223
7.627627627627627,7.775968202101054e-227
7.641641641641641,8.622002229613717e-231
7.655655655655655,8.837814843235494e-235
7.66966966966967,8.374613625622702e-239
7.683683683683684,7.336142744571495e-243
7.697697697697697,5.940922401758448e-247
7.711711711711711,4.447573147252852e-251
7.7257257257257255,3.078048311909195e-255
7.73973973973974,1.9692954507712843e-259
7.753753753753754,1.1647411954081696e-263
7.767767767767769,6.36841134983541e-268
7.781781781781781,3.218962313460424e-272
7.7957957957957955,1.504124514611172e-276
7.80980980980981,6.49732812631455e-281
7.823823823823824,2.594591095541408e-285
7.837837837837839,9.578249808168352e-290
7.851851851851851,3.268786147677376e-294
7.865865865865866,1.0312642699682653e-298
7.87987987987988,3.0077140619562885e-303
7.893893893893894,8.109353537125121e-308
7.907907907907909,2.02124535812e-312
7.921921921921921,4.6573073e-317
7.935935935935936,9.63e-322
7.94994994994995,0.0
7.963963963963964,0.0
7.977977977977979,0.0
7.991991991991991,0.0
8.006006006006006,0.0
8.02002002002002,0.0
8.034034034034034,0.0
8.048048048048049,0.0
8.062062062062061,0.0
8.076076076076076,0.0
8.09009009009009,0.0
8.104104104104104,0.0
8.118118118118119,0.0
8.132132132132131,0.0
8.146146146146146,0.0
8.16016016016016,0.0
8.174174174174174,0.0
8.188188188188189,0.0
8.202202202202201,0.0
8.216216216216216,0.0
8.23023023023023,0.0
8.244244244244245,0.0
8.258258258258259,0.0
8.272272272272271,0.0
8.286286286286286,0.0
8.3003003003003,0.0
8.314314314314315,0.0
8.328328328328329,0.0
8.342342342342342,0.0
8.356356356356356,0.0
8.37037037037037,0.0
8.384384384384385,0.0
8.398398398398399,0.0
8.412412412412412,0.0
8.426426426426426,0.0
8.44044044044044,0.0
8.454454454454455,0.0
8.468468468468469,0.0
8.482482482482482,0.0
8.496496496496496,0.0
8.51051051051051,0.0
8.524524524524525,0.0
8.538538538538539,0.0
8.552552552552552,0.0
8.566566566566566,0.0
8.58058058058058,0.0
8.594594594594595,0.0
8.608608608608609,0.0
8.622622622622622,0.0
8.636636636636636,0.0
8.65065065065065,0.0
8.664664664664665,0.0
8.67867867867868,0.0
8.692692692692692,0.0
8.706706706706706,0.0
8.72072072072072,0.0
8.734734734734735,0.0
8.74874874874875,0.0
8.762762762762762,0.0
8.776776776776776,0.0
8.79079079079079,0.0
8.804804804804805,0.0
8.81881881881882,0.0
8.832832832832834,0.0
8.846846846846846,0.0
8.86086086086086,0.0
8.874874874874875,0.0
8.88888888888889,0.0
8.902902902902904,0.0
8.916916916916916,0.0
8.93093093093093,0.0
8.944944944944945,0.0
8.95895895895896,0.0
8.972972972972974,0.0
8.986986986986986,0.0
9.001001001001,0.0
9.015015015015015,0.0
9.02902902902903,0.0
9.043043043043044,0.0
9.057057057057056,0.0
9.07107107107107,0.0
9.085085085085085,0.0
9.0990990990991,0.0
9.113113113113114,0.0
9.127127127127126,0.0
9.14114114114114,0.0
9.155155155155155,0.0
9.16916916916917,0.0
9.183183183183184,0.0
9.197197197197196,0.0
9.21121121121121,0.0
9.225225225225225,0.0
9.23923923923924,0.0
9.253253253253254,0.0
9.267267267267266,0.0
9.28128128128128,0.0
9.295295295295295,0.0
9.30930930930931,0.0
9.323323323323324,0.0
9.337337337337337,0.0
9.35135135135135,0.0
9.365365365365365,0.0
9.37937937937938,0.0
9.393393393393394,0.0
9.407407407407407,0.0
9.421421421421421,0.0
9.435435435435435,0.0
9.44944944944945,0.0
9.463463463463464,0.0
9.477477477477477,0.0
9.491491491491491,0.0
9.505505505505505,0.0
9.51951951951952,0.0
9.533533533533534,0.0
9.547547547547547,0.0
9.561561561561561,0.0
9.575575575575575,0.0
9.58958958958959,0.0
9.603603603603604,0.0
9.617617617617617,0.0
9.631631631631631,0.0
9.645645645645645,0.0
9.65965965965966,0.0
9.673673673673674,0.0
9.687687687687687,0.0
9.701701701701701,0.0
9.715715715715715,0.0
9.72972972972973,0.0
9.743743743743744,0.0
9.757757757757757,0.0
9.771771771771771,0.0
9.785785785785786,0.0
9.7997997997998,0.0
9.813813813813814,0.0
9.827827827827829,0.0
9.841841841841841,0.0
9.855855855855856,0.0
9.86986986986987,0.0
9.883883883883884,0.0
9.897897897897899,0.0
9.911911911911911,0.0
9.925925925925926,0.0
9.93993993993994,0.0
9.953953953953954,0.0
9.967967967967969,0.0
9.981981981981981,0.0
9.995995995995996,0.0
10.01001001001001,0.0
10.024024024024024,0.0
10.038038038038039,0.0
10.052052052052051,0.0
10.066066066066066,0.0
10.08008008008008,0.0
10.094094094094094,0.0
10.108108108108109,0.0
10.122122122122121,0.0
10.136136136136136,0.0
10.15015015015015,0.0
10.164164164164164,0.0
10.178178178178179,0.0
10.192192192192191,0.0
10.206206206206206,0.0
10.22022022022022,0.0
10.234234234234235,0.0
10.248248248248249,0.0
10.262262262262261,0.0
10.276276276276276,0.0
10.29029029029029,0.0
10.304304304304305,0.0
10.318318318318319,0.0
10.332332332332332,0.0
10.346346346346346,0.0
10.36036036036036,0.0
10.374374374374375,0.0
10.388388388388389,0.0
10.402402402402402,0.0
10.416416416416416,0.0
10.43043043043043,0.0
10.444444444444445,0.0
10.458458458458459,0.0
10.472472472472472,0.0
10.486486486486486,0.0
10.5005005005005,0.0
10.514514514514515,0.0
10.528528528528529,0.0
10.542542542542542,0.0
10.556556556556556,0.0
10.57057057057057,0.0
10.584584584584585,0.0
10.598598598598599,0.0
10.612612612612612,0.0
10.626626626626626,0.0
10.64064064064064,0.0
10.654654654654655,0.0
10.66866866866867,0.0
10.682682682682682,0.0
10.696696696696696,0.0
10.71071071071071,0.0
10.724724724724725,0.0
10.73873873873874,0.0
10.752752752752752,0.0
10.766766766766766,0.0
10.78078078078078,0.0
10.794794794794795,0.0
10.80880880880881,0.0
10.822822822822824,0.0
10.836836836836836,0.0
10.85085085085085,0.0
10.864864864864865,0.0
10.87887887887888,0.0
10.892892892892894,0.0
10.906906906906906,0.0
10.92092092092092,0.0
10.934934934934935,0.0
10.94894894894895,0.0
10.962962962962964,0.0
10.976976976976976,0.0
10.99099099099099,0.0
11.005005005005005,0.0
11.01901901901902,0.0
11.033033033033034,0.0
11.047047047047046,0.0
11.06106106106106,0.0
11.075075075075075,0.0
11.08908908908909,0.0
11.103103103103104,0.0
11.117117117117116,0.0
11.13113113113113,0.0
11.145145145145145,0.0
11.15915915915916,0.0
11.173173173173174,0.0
11.187187187187186,0.0
11.2012012012012,0.0
11.215215215215215,0.0
11.22922922922923,0.0
11.243243243243244,0.0
11.257257257257256,0.0
11.27127127127127,0.0
11.285285285285285,0.0
11.2992992992993,0.0
11.313313313313314,0.0
11.327327327327327,0.0
11.34134134134134,0.0
11.355355355355355,0.0
11.36936936936937,0.0
11.383383383383384,0.0
11.397397397397397,0.0
11.411411411411411,0.0
11.425425425425425,0.0
11.43943943943944,0.0
11.453453453453454,0.0
11.467467467467467,0.0
11.481481481481481,0.0
11.495495495495495,0.0
11.50950950950951,0.0
11.523523523523524,0.0
11.537537537537537,0.0
11.551551551551551,0.0
11.565565565565565,0.0
11.57957957957958,0.0
11.593593593593594,0.0
11.607607607607607,0.0
11.621621621621621,0.0
11.635635635635635,0.0
11.64964964964965,0.0
11.663663663663664,0.0
11.677677677677677,0.0
11.691691691691691,0.0
11.705705705705705,0.0
11.71971971971972,0.0
11.733733733733734,0.0
11.747747747747747,0.0
11.761761761761761,0.0
11.775775775775776,0.0
11.78978978978979,0.0
11.803803803803804,0.0
11.817817817817817,0.0
11.831831831831831,0.0
11.845845845845846,0.0
11.85985985985986,0.0
11.873873873873874,0.0
11.887887887887889,0.0
11.901901901901901,0.0
11.915915915915916,0.0
11.92992992992993,0.0
11.943943943943944,0.0
11.957957957957959,0.0
11.971971971971971,0.0
11.985985985985986,0.0
12.0,0.0
